123 1
135 1
98 1
255 1
86 1
53 1
64 1
125 1
56 1
169 1
268 1
129 1
80 1
131 1
119 1
65 1
113 1
102 1
90 1
142 1
50 1
127 1
114 1
120 1
54 1
147 1
118 1
52 1
161 1
199 1
107 1
83 1
261 1
262 1
67 1
73 1
57 1
47 1
76 1
68 1
137 1
167 2
44 2
55 2
46 2
60 2
63 2
61 2
69 2
89 2
130 2
96 2
104 2
100 2
105 2
108 2
94 2
92 2
85 2
126 2
72 2
75 2
133 2
71 2
42 2
109 3
87 3
136 3
95 3
37 3
40 3
58 3
70 3
111 3
103 3
81 3
99 3
77 3
41 3
39 4
38 4
97 4
106 4
82 4
93 5
101 5
59 6
36 10
34 11
35 16
33 22
31 23
32 31
30 44
29 50
28 63
1 74
26 96
27 98
2 111
25 126
24 142
23 205
18 220
22 235
20 274
19 294
16 311
21 314
17 331
14 410
15 419
3 567
13 575
12 710
11 1026
4 2088
10 2209
5 2864
9 3554
7 8965
8 10026
6 13179
